10000001 自热小火锅 35 42 0
10000002 热带风味冰红茶 5 6 0
10000003 泸溪河 20 24 0
10000004 豌豆黄 40 48 0
10000005 驴打滚 10 12 0
10000006 全聚德烤鸭 50 60 1
10000007 北湖烧鹅 100 120 1
10000008 北湖扒鸭 200 240 1
10000009 四六级耳机 100 120 0
10000010 北理明信片 10 12 0
10000011 北理工作业纸 2 2.4 0
10000012 老八秘制小汉堡 20 24 0
10000013 扩散性百万甜面包 20 24 0
10000014 DIO牌小面包 10 12 0
10000015 太太乐鸡精 5 6 0
10000016 烤全羊 80 96 1
10000017 优乐美奶茶 7 8.4 0
10000018 北理小坦克 400 480 0
10000019 阿帕茶 30 36 0
10000020 数学分析教程上册 10 12 0
10000021 数学分析教程下册 10 12 0
10000022 刑天铠甲变身器 15 18 0
10000023 小米 5 6 1
10000024 菠菜 3 3.6 1
10000025 大白兔奶糖 10 12 1
10000026 忘崽牛奶 12 14.4 0
10000027 旺旺大礼包 100 120 0
10000028 哄蒙手机 1 1.2 0
10000029 鸡蛋 7 8.4 1
10000030 北理工的恶龙 100 120 0
